##########################################################################################
### CosmicWatch: The Desktop Muon Detector
### Questions? saxani@mit.edu
### Comp_date Comp_time Event Ardn_time[ms] ADC[0-1023] SiPM[mV] Deadtime[ms] Temp[C] Name
##########################################################################################
Device ID: CosmicWatch2
1 735 105 22.39 0 20.90
2 812 291 50.97 14 20.90
3 1366 48 15.29 32 20.90
4 1911 348 65.64 50 20.90
5 2578 113 23.02 68 20.90
6 2839 254 43.77 86 20.90
7 3382 96 21.67 106 20.90
8 3697 441 109.77 124 20.90
9 4612 248 42.69 142 20.90
10 5477 103 22.23 160 20.90
11 5866 120 23.58 178 20.90
12 5984 56 16.76 196 20.90
13 6931 124 23.92 214 20.90
14 7442 540 166.11 232 20.90
15 7577 198 33.69 250 20.90
16 7693 515 147.53 268 20.90
17 8488 179 30.55 291 20.90
18 8757 480 130.21 489 20.90
19 9133 307 54.48 508 20.90
20 10066 51 15.86 526 20.90
21 10696 376 76.43 544 20.90
22 11235 83 20.46 562 20.90
23 11448 51 15.86 580 20.90
24 11940 268 46.26 601 20.90
25 13170 408 90.57 619 20.90
26 13286 380 78.12 637 20.90
27 13879 513 148.53 655 20.90
28 13920 99 21.91 673 20.90
29 14061 204 34.73 691 20.90
30 14788 63 17.91 709 20.90
31 15441 352 66.89 727 20.90
32 15485 435 104.92 745 20.90
33 15668 664 270.86 763 20.90
34 16118 448 112.41 781 20.90
35 16526 236 40.44 799 20.90
36 17085 131 24.54 817 20.90
37 17127 76 19.69 835 20.90
38 17444 344 64.67 853 20.90
39 18275 140 25.42 871 20.90
40 19019 158 27.53 889 20.90
41 20048 97 21.75 910 20.90
42 20546 126 24.09 928 20.90
43 21500 332 61.17 946 20.90
44 22056 142 25.64 964 20.90
45 22188 56 16.76 982 20.90
46 22315 255 43.96 1000 20.90
47 22675 348 65.64 1018 20.90
48 23147 81 20.25 1037 20.90
49 23180 307 54.48 1055 20.90
50 23369 103 22.23 1073 20.90
51 23403 135 24.92 1091 20.90
52 23555 508 144.95 1109 20.90
53 23654 179 30.55 1127 20.90
54 24801 131 24.54 1145 20.90
55 26385 433 104.37 1163 20.90
56 27076 89 21.05 1181 20.90
57 27153 88 20.96 1199 20.90
58 27969 199 33.86 1220 20.90
59 28927 103 22.23 1238 20.90
60 29179 384 80.08 1256 20.90
61 29417 289 50.47 1274 20.90
62 29844 302 53.30 1292 20.90
63 30672 140 25.42 1310 20.90
64 30779 103 22.23 1328 20.90
65 31607 79 20.03 1346 20.90
66 33145 497 142.37 1364 20.90
