##########################################################################################
### CosmicWatch: The Desktop Muon Detector
### Questions? saxani@mit.edu
### Comp_date Comp_time Event Ardn_time[ms] ADC[0-1023] SiPM[mV] Deadtime[ms] Temp[C] Name
##########################################################################################
Device ID: CosmicWatch2
1 716 604 210.97 0 20.90
2 1278 280 48.67 14 20.90
3 1579 79 20.03 32 20.90
4 2483 255 43.96 50 20.90
5 3122 440 109.25 68 20.90
6 3398 88 20.96 86 20.25
7 4108 352 66.89 107 20.58
8 4868 494 141.37 125 20.58
9 5376 112 22.94 143 20.90
10 5639 71 19.06 161 20.90
11 6011 563 181.65 179 20.58
12 6068 419 97.20 197 20.90
13 6540 78 19.92 215 20.90
14 7523 65 18.22 233 20.90
15 8093 476 129.76 251 20.90
16 8439 408 90.57 269 20.90
17 8471 49 15.48 287 20.90
18 9568 124 23.92 305 20.58
19 9940 115 23.18 323 20.90
20 10881 51 15.86 341 20.90
21 11674 399 87.30 359 20.90
22 12114 255 43.96 377 20.90
23 13014 137 25.12 395 20.90
24 13537 67 18.51 416 20.90
25 14164 103 22.23 434 20.90
26 14407 103 22.23 452 20.90
27 14486 192 32.67 472 20.90
28 14546 67 18.51 490 20.90
29 15663 696 307.73 508 20.90
30 15765 161 27.93 526 20.90
31 17105 67 18.51 544 20.90
32 17469 56 16.76 562 20.90
33 18089 519 154.30 580 20.90
34 19078 56 16.76 598 20.90
35 20384 216 36.85 616 20.90
36 21048 81 20.25 634 20.90
37 21461 78 19.92 652 20.90
38 21537 67 18.51 670 20.90
39 22364 88 20.96 688 20.90
40 23815 231 39.55 706 20.90
41 24223 67 18.51 724 20.90
42 24826 327 59.28 745 20.90
43 24989 67 18.51 763 20.90
44 25090 344 64.67 781 20.90
45 25764 56 16.76 799 20.90
46 26150 188 32.01 817 20.90
47 27102 551 164.56 835 20.90
48 27363 56 16.76 853 20.90
49 27393 174 29.79 871 20.90
50 28144 79 20.03 889 20.90
51 28531 531 160.62 907 20.90
52 29106 49 15.48 925 20.90
53 29163 240 41.21 943 20.90
54 29319 271 46.93 961 20.90
55 31082 112 22.94 979 20.90
56 31804 81 20.25 997 20.90
57 31992 152 26.78 1016 20.90
58 32297 83 20.46 1034 20.90
59 32476 204 34.73 1055 20.90
60 33818 131 24.54 1073 20.90
61 34126 96 21.67 1091 20.90
62 34383 49 15.48 1109 20.90
63 34422 135 24.92 1127 20.90
64 34699 71 19.06 1145 20.90
65 36664 691 332.16 1163 20.90
66 36701 179 30.55 1181 20.90
67 36823 376 76.43 1199 20.90
68 38007 408 90.57 1217 20.90
69 38102 238 40.82 1235 20.90
70 38202 145 25.96 1253 20.90
71 38402 455 117.03 1271 20.90
72 38625 198 33.69 1289 20.90
73 38937 83 20.46 1307 20.90
74 39496 88 20.96 1326 20.90
75 40676 211 35.96 1344 20.90
76 41192 433 104.37 1358 20.90
77 41766 76 19.69 1376 20.90
78 42956 231 39.55 1394 20.90
79 43289 492 134.92 1412 20.90
80 44522 152 26.78 1430 20.90
81 44796 472 125.87 1448 20.90
82 44841 286 49.78 1466 20.90
83 45547 112 22.94 1484 20.90
84 46718 79 20.03 1502 20.90
85 46844 339 62.98 1520 20.90
86 47653 99 21.91 1538 20.90
87 48441 161 27.93 1556 20.90
88 50195 399 87.30 1575 20.90
89 50675 184 31.36 1593 20.90
90 52044 195 33.17 1611 20.90
91 52139 127 24.18 1629 20.90
92 53190 355 68.30 1650 20.90
93 53396 280 48.67 1668 20.90
94 55129 79 20.03 1686 20.90
95 56173 56 16.76 1704 20.90
96 57144 207 35.26 1722 20.90
97 57422 252 43.42 1740 20.90
98 58361 430 101.41 1758 20.90
99 58810 127 24.18 1776 20.90
100 59066 487 132.65 1794 20.90
101 59361 127 24.18 1812 20.90
102 59578 159 27.66 1830 20.90
103 59881 120 23.58 1848 20.90
104 60635 344 64.67 1866 20.90
105 61214 263 45.37 1884 20.90
106 61446 83 20.46 1902 20.90
107 62433 63 17.91 1920 20.90
108 62508 184 31.36 1941 20.90
109 64527 56 16.76 1959 20.90
110 64987 376 76.43 1977 20.90
111 65425 339 62.98 1995 20.90
112 67340 71 19.06 2013 20.90
113 67541 135 24.92 2031 20.90
114 67869 207 35.26 2049 20.90
115 68867 259 44.69 2067 20.90
116 70420 206 35.07 2085 20.90
117 71082 71 19.06 2103 20.90
118 71177 76 19.69 2122 20.90
119 71533 60 17.43 2140 20.90
120 71565 504 143.61 2158 20.90
121 72120 384 80.08 2176 20.90
122 73060 204 34.73 2194 20.90
123 74563 167 28.76 2212 20.90
124 74640 177 30.25 2233 20.90
125 75088 323 58.48 2251 20.90
126 75152 120 23.58 2269 20.90
127 76121 83 20.46 2287 20.90
128 76442 184 31.36 2305 20.90
129 76472 94 21.50 2323 20.90
130 77157 280 48.67 2341 20.90
131 78692 480 130.21 2359 20.90
132 79100 71 19.06 2377 20.90
133 80213 81 20.25 2395 20.90
134 80826 448 112.41 2413 20.90
135 81038 56 16.76 2431 20.90
136 81515 60 17.43 2449 20.90
137 81922 110 22.78 2467 20.90
138 82840 238 40.82 2485 20.90
139 83040 76 19.69 2503 20.90
140 83455 344 64.67 2521 20.90
141 83602 127 24.18 2542 20.90
142 85330 240 41.21 2560 20.90
143 85866 415 95.00 2578 20.90
144 86181 56 16.76 2596 20.90
145 86346 344 64.67 2614 20.90
146 87263 76 19.69 2632 20.90
147 88370 103 22.23 2650 20.90
148 89867 92 21.32 2669 20.90
149 90107 483 132.60 2687 20.90
150 90693 220 37.58 2705 20.90
151 91281 51 15.86 2723 20.90
152 91862 252 43.42 2741 20.90
153 92681 415 95.00 2759 20.90
154 93501 358 69.10 2777 20.90
155 93766 163 28.20 2795 20.90
156 95909 319 57.64 2813 20.90
157 96026 108 22.63 2834 20.90
158 98143 156 27.28 2852 20.90
159 98164 192 32.67 2870 21.11
160 98939 222 37.96 2888 21.11
161 99140 227 38.83 2906 21.33
162 99500 127 24.18 2924 21.11
163 100826 483 132.60 2942 20.90
164 101931 71 19.06 2960 21.33
165 103176 236 40.44 2978 21.11
166 103345 295 51.75 2996 20.90
167 103728 463 119.23 3014 21.11
168 104381 84 20.57 3032 20.90
169 104522 62 17.75 3050 21.11
170 104903 291 50.97 3068 20.90
171 105029 487 132.65 3086 21.11
172 105161 57 16.93 3107 21.11
173 105573 460 119.54 3125 20.90
174 105923 224 38.29 3143 21.11
175 106143 216 36.85 3161 21.11
176 107945 409 91.12 3179 20.90
177 108776 284 49.41 3197 21.11
178 108966 412 92.93 3216 21.11
179 109378 163 28.20 3234 21.11
180 110523 295 51.75 3252 21.33
181 111214 174 29.79 3270 21.11
182 111410 56 16.76 3288 21.11
183 111812 451 113.08 3306 21.11
184 111843 97 21.75 3324 21.33
185 112216 287 50.23 3342 21.11
186 112501 143 25.74 3360 21.11
187 113025 419 97.20 3378 21.33
188 115030 327 59.28 3399 21.11
