##########################################################################################
### CosmicWatch: The Desktop Muon Detector
### Questions? saxani@mit.edu
### Comp_date Comp_time Event Ardn_time[ms] ADC[0-1023] SiPM[mV] Deadtime[ms] Temp[C] Name
##########################################################################################
Device ID: CosmicWatch2
1 743 96 21.67 0 21.11
2 1311 480 130.21 14 20.90
3 1504 65 18.22 32 20.90
4 1860 49 15.48 50 20.90
5 2091 243 41.74 68 20.90
6 3002 476 129.76 86 20.90
7 4210 92 21.32 107 20.90
8 4909 216 36.85 125 20.90
9 4947 172 29.49 143 20.90
10 6275 103 22.23 161 20.90
11 6570 302 53.30 180 20.90
12 8146 408 90.57 198 20.90
13 9134 467 121.56 216 20.90
14 9214 337 62.30 234 20.90
15 12249 304 53.73 252 20.90
16 12499 207 35.26 270 20.90
17 12937 275 47.73 288 20.90
18 12965 199 33.86 306 20.90
19 13104 387 81.05 324 20.90
20 13141 147 26.19 342 20.90
21 13418 289 50.47 360 20.90
22 14859 294 51.51 378 20.90
23 16009 184 31.36 396 20.90
24 16366 460 119.54 417 20.90
25 17314 236 40.44 435 20.90
26 17549 62 17.75 453 20.90
27 17622 159 27.66 471 20.90
28 19567 231 39.55 489 20.90
29 19660 423 97.36 507 20.90
30 20459 414 93.93 525 20.90
31 20642 209 35.61 543 20.90
32 20986 639 249.88 561 20.90
33 21347 241 41.39 579 20.90
34 21501 252 43.42 597 20.90
35 22252 62 17.75 615 21.11
36 23904 127 24.18 633 20.90
37 24566 332 61.17 651 20.90
38 24834 476 129.76 669 20.90
39 25425 152 26.78 687 20.90
40 26100 108 22.63 705 20.90
41 26521 270 46.71 727 20.90
42 28840 243 41.74 745 20.90
43 30405 508 144.95 763 20.90
44 30731 166 28.62 781 20.90
45 30821 252 43.42 799 20.90
46 32226 480 130.21 817 20.90
47 32358 172 29.49 835 21.11
48 33126 88 20.96 853 20.90
49 33355 49 15.48 871 20.90
50 33696 399 87.30 889 20.90
51 35140 199 33.86 907 20.90
52 35424 56 16.76 925 21.11
53 36708 339 62.98 943 21.11
54 37194 88 20.96 961 21.11
55 37397 51 15.86 979 21.33
56 37761 384 80.08 997 20.90
57 37905 527 155.96 1015 20.90
58 39785 465 122.12 1036 20.90
59 40398 271 46.93 1054 21.11
60 40718 158 27.53 1072 21.11
61 41046 71 19.06 1090 21.11
62 41187 71 19.06 1108 21.33
63 41400 384 80.08 1126 21.11
64 42033 51 15.86 1144 21.54
65 42367 172 29.49 1162 21.11
66 42838 103 22.23 1180 21.33
67 42933 60 17.43 1198 21.11
68 43522 430 101.41 1216 21.11
69 44231 467 121.56 1234 21.11
70 44482 216 36.85 1252 21.11
71 44875 327 59.28 1271 20.90
72 44950 78 19.92 1289 21.11
73 46213 67 18.51 1307 21.33
74 46268 124 23.92 1325 21.11
75 47670 159 27.66 1346 21.33
76 47958 184 31.36 1364 21.11
77 48058 167 28.76 1382 20.90
78 48272 56 16.76 1400 20.90
79 48385 192 32.67 1418 20.90
80 49943 542 168.67 1436 20.90
81 50750 366 72.41 1454 21.54
82 51710 49 15.48 1472 21.54
83 51951 71 19.06 1490 21.11
84 52034 412 92.93 1508 21.33
85 52358 216 36.85 1526 21.33
86 53137 199 33.86 1544 21.11
87 54529 713 333.08 1562 20.90
88 54710 152 26.78 1580 21.11
89 55700 268 46.26 1598 20.90
90 55849 444 109.09 1616 21.33
91 57174 231 39.55 1637 21.54
92 57676 71 19.06 1655 21.33
93 58835 120 23.58 1673 21.54
94 59357 190 32.33 1691 21.54
95 60453 524 150.73 1709 21.33
96 61590 62 17.75 1727 21.11
97 62927 65 18.22 1745 21.33
98 62981 216 36.85 1763 21.11
99 63678 255 43.96 1781 21.11
100 64195 275 47.73 1799 21.11
101 65273 159 27.66 1818 21.54
102 66464 124 23.92 1836 21.54
103 66583 419 97.20 1854 21.54
104 66610 56 16.76 1872 21.54
105 67920 227 38.83 1890 21.54
106 68043 97 21.75 1908 21.54
107 69193 81 20.25 1926 21.54
108 69261 96 21.67 1947 21.33
109 69834 112 22.94 1965 21.54
110 70199 51 15.86 1983 21.54
111 70476 94 21.50 2001 21.54
112 70651 291 50.97 2019 21.76
113 71780 163 28.20 2037 21.54
114 71828 428 101.58 2055 21.33
115 72673 472 125.87 2073 21.54
116 72951 440 109.25 2091 21.33
117 74949 423 97.36 2109 21.54
118 76096 396 85.28 2127 21.54
119 76206 88 20.96 2145 21.54
120 77489 224 38.29 2163 21.54
121 77944 335 61.77 2181 21.76
122 78108 103 22.23 2199 21.54
123 79784 252 43.42 2217 21.54
124 80237 399 87.30 2238 21.76
125 80598 275 47.73 2256 21.54
126 80745 120 23.58 2274 21.76
127 81352 487 132.65 2292 21.54
128 83116 140 25.42 2310 21.54
129 83151 112 22.94 2328 21.54
130 84317 192 32.67 2346 21.76
131 85264 124 23.92 2364 21.76
132 85859 472 125.87 2383 21.54
133 86201 140 25.42 2401 21.76
134 86233 167 28.76 2419 21.76
135 86409 88 20.96 2437 21.76
136 87241 79 20.03 2455 21.54
137 89064 519 154.30 2473 21.54
138 89190 78 19.92 2491 22.19
139 90154 483 132.60 2509 21.76
140 90976 417 95.20 2530 21.97
141 91719 135 24.92 2548 21.76
142 92069 216 36.85 2566 21.76
143 92380 348 65.64 2584 21.97
144 93924 204 34.73 2602 21.76
145 94128 103 22.23 2620 21.76
146 94249 448 112.41 2638 21.97
147 94299 62 17.75 2656 21.76
148 94590 120 23.58 2674 21.97
149 94966 159 27.66 2692 21.54
150 95650 88 20.96 2710 21.76
151 95939 368 72.93 2728 21.76
152 97085 568 189.84 2746 21.54
153 97682 240 41.21 2764 21.76
154 99532 88 20.96 2782 21.97
155 101450 369 73.42 2800 21.97
156 102709 79 20.03 2821 21.76
157 103464 62 17.75 2839 21.97
158 103524 487 132.65 2857 21.97
159 103624 524 150.73 2875 22.19
160 103736 238 40.82 2893 21.97
161 106620 216 36.85 2911 22.19
162 107770 88 20.96 2930 22.19
163 108135 56 16.76 2948 22.19
164 109877 271 46.93 2966 22.19
165 111920 126 24.09 2984 22.19
166 114376 158 27.53 3002 22.19
167 114512 248 42.69 3020 22.19
168 114613 227 38.83 3038 21.97
169 116185 688 328.69 3056 22.19
170 116300 67 18.51 3074 22.19
171 116377 60 17.43 3095 22.19
172 116607 271 46.93 3113 22.19
173 116651 316 56.81 3131 22.19
174 116791 304 53.73 3149 22.19
175 117061 67 18.51 3167 22.19
176 117698 54 16.41 3185 22.19
177 118090 63 17.91 3203 22.19
178 118221 568 189.84 3221 22.19
179 118650 88 20.96 3239 22.19
180 119894 415 95.00 3257 22.19
181 120759 83 20.46 3275 22.19
182 121516 216 36.85 3293 22.19
183 123273 428 101.58 3311 22.19
184 124693 78 19.92 3329 22.19
185 125567 472 125.87 3347 22.19
186 126330 94 21.50 3365 22.19
187 126651 88 20.96 3386 22.19
188 126744 143 25.74 3404 22.19
189 126810 248 42.69 3422 22.19
190 127008 163 28.20 3440 22.19
191 127178 70 18.93 3458 22.19
192 127234 207 35.26 3477 22.19
193 127331 369 73.42 3495 22.19
194 128124 120 23.58 3513 22.19
195 129066 254 43.77 3531 22.19
196 130154 287 50.23 3549 22.19
197 130204 455 117.03 3567 22.19
198 131525 550 172.20 3590 22.19
199 131582 428 101.58 3608 22.19
200 132399 70 18.93 3626 22.19
201 135809 255 43.96 3644 22.19
202 137282 579 187.32 3662 22.19
203 137720 102 22.15 3683 22.19
204 138686 63 17.91 3701 22.19
205 139192 412 92.93 3719 22.19
206 140629 124 23.92 3737 22.19
207 142760 127 24.18 3755 22.19
208 143531 480 130.21 3773 22.19
209 144294 193 32.84 3791 22.19
210 145903 71 19.06 3809 22.19
211 146583 271 46.93 3827 22.19
212 146784 176 30.09 3845 22.19
213 147354 103 22.23 3863 22.19
214 147785 112 22.94 3881 22.19
215 148910 440 109.25 3899 22.19
216 150057 353 67.64 3917 22.19
217 151278 489 138.11 3935 22.19
218 151595 127 24.18 3956 22.19
219 151757 403 88.99 3974 22.19
220 152000 135 24.92 3992 22.19
221 152128 51 15.86 4010 22.19
222 154244 179 30.55 4029 22.19
223 156617 496 144.49 4047 22.19
224 157008 60 17.43 4065 22.19
225 157195 103 22.23 4083 22.19
226 157381 51 15.86 4101 22.19
227 158802 51 15.86 4119 22.19
228 159577 83 20.46 4137 22.19
229 160105 88 20.96 4155 22.19
230 160196 224 38.29 4173 22.19
231 161632 78 19.92 4191 22.19
232 162979 56 16.76 4209 22.19
233 163851 284 49.41 4227 22.19
234 164154 455 117.03 4248 22.19
235 164242 96 21.67 4266 22.19
236 164319 78 19.92 4284 22.19
237 164521 76 19.69 4302 22.19
238 165111 252 43.42 4320 22.19
239 165445 512 144.44 4338 22.19
240 165683 391 82.35 4355 22.19
241 167149 97 21.75 4373 22.19
242 167395 115 23.18 4391 22.19
243 169667 110 22.78 4409 22.19
244 170436 112 22.94 4427 22.19
245 172219 391 82.35 4445 22.19
246 173104 96 21.67 4463 22.19
247 173217 368 72.93 4481 22.19
248 174874 63 17.91 4499 22.19
249 175166 675 317.99 4520 22.19
250 175718 691 332.16 4538 22.19
251 176588 467 121.56 4556 22.19
252 176779 531 160.62 4575 22.19
253 177902 152 26.78 4593 22.19
254 178702 280 48.67 4611 22.19
255 180380 211 35.96 4629 22.19
256 182517 536 160.18 4647 22.19
257 182706 96 21.67 4665 22.19
258 183371 63 17.91 4683 22.19
259 185357 624 242.54 4701 22.19
260 185616 476 129.76 4719 22.19
261 186415 176 30.09 4737 22.19
262 186806 126 24.09 4755 22.19
263 187221 463 119.23 4773 22.19
264 187257 79 20.03 4791 22.19
265 188370 387 81.05 4812 22.19
266 188438 112 22.94 4830 22.19
267 189028 152 26.78 4848 22.19
268 189582 120 23.58 4866 22.19
269 189903 105 22.39 4884 22.19
270 191224 88 20.96 4902 22.19
271 191443 255 43.96 4920 22.19
272 191688 147 26.19 4938 22.19
273 193243 67 18.51 4956 22.19
274 194080 231 39.55 4974 22.19
275 194668 81 20.25 4992 22.19
276 195490 291 50.97 5010 22.19
277 195663 62 17.75 5028 22.19
278 195842 71 19.06 5046 22.19
279 195968 419 97.20 5064 22.19
280 198010 112 22.94 5082 22.19
281 199938 188 32.01 5096 22.19
282 200874 415 95.00 5114 22.19
283 201278 65 18.22 5133 22.19
284 201939 115 23.18 5151 22.19
285 202585 156 27.28 5169 22.19
286 203090 147 26.19 5187 22.19
287 204918 384 80.08 5205 22.19
288 205553 304 53.73 5223 22.19
289 205798 492 134.92 5241 22.19
290 205868 67 18.51 5259 22.19
291 206293 510 148.47 5277 22.19
292 206781 492 134.92 5295 22.19
293 206926 127 24.18 5313 22.19
294 207198 103 22.23 5331 22.19
295 209394 480 130.21 5349 22.19
296 210106 255 43.96 5370 22.19
297 210882 56 16.76 5388 22.19
298 211356 255 43.96 5406 22.19
299 211412 248 42.69 5424 22.19
300 212029 207 35.26 5442 22.19
301 212486 254 43.77 5460 22.19
302 213067 527 155.96 5478 22.19
303 213283 440 109.25 5496 22.19
304 213557 366 72.41 5514 22.19
305 214188 96 21.67 5532 22.19
306 215058 529 156.43 5550 22.19
307 215375 81 20.25 5568 22.19
308 215688 49 15.48 5586 22.19
309 215956 396 85.28 5604 22.19
310 216074 199 33.86 5622 22.19
311 216841 143 25.74 5640 22.19
312 217583 515 147.53 5654 22.19
313 217856 433 104.37 5673 22.19
314 218926 270 46.71 5691 22.19
315 219127 71 19.06 5709 22.19
316 220375 115 23.18 5727 22.19
317 220939 323 58.48 5745 22.19
318 221135 255 43.96 5763 22.19
319 222263 560 175.34 5781 22.19
320 223319 63 17.91 5799 22.19
321 223632 455 117.03 5817 22.19
322 224251 88 20.96 5835 22.19
323 225708 108 22.63 5853 22.19
324 225845 110 22.78 5871 22.19
325 227545 70 18.93 5889 22.19
326 227965 428 101.58 5907 22.19
327 231001 71 19.06 5928 22.19
328 231040 73 19.32 5946 22.19
329 231234 126 24.09 5964 22.19
330 231962 71 19.06 5982 22.19
331 232139 179 30.55 6000 22.19
332 232927 156 27.28 6018 22.19
333 233254 71 19.06 6036 22.19
334 233845 216 36.85 6054 22.19
335 234541 440 109.25 6072 22.19
336 236006 207 35.26 6090 22.19
337 236078 71 19.06 6108 22.19
338 236301 568 189.84 6126 22.19
339 237342 238 40.82 6144 22.19
340 237381 399 87.30 6162 22.19
341 237457 496 144.49 6180 22.19
342 237900 462 120.87 6198 22.19
343 238203 63 17.91 6220 22.19
344 239480 78 19.92 6238 22.19
345 239757 304 53.73 6256 22.19
346 242353 71 19.06 6274 22.19
347 242439 364 71.71 6292 22.19
348 243136 364 71.71 6310 22.19
349 243251 254 43.77 6328 22.19
350 243359 143 25.74 6346 22.19
351 243475 110 22.78 6364 22.19
352 244136 536 160.18 6382 22.19
353 244240 163 28.20 6400 22.19
354 245569 135 24.92 6418 22.19
355 246536 195 33.17 6436 22.19
356 247363 364 71.71 6454 22.19
357 248792 519 154.30 6472 22.19
358 249048 63 17.91 6493 22.19
359 250001 120 23.58 6511 22.19
360 250091 73 19.32 6529 22.19
361 250433 526 158.17 6547 22.19
362 251432 112 22.94 6565 22.19
363 252722 417 95.20 6583 22.19
364 252747 376 76.43 6601 22.19
365 253096 275 47.73 6619 22.19
366 253836 332 61.17 6637 22.19
367 255540 176 30.09 6655 22.19
368 255845 254 43.77 6673 22.19
369 256457 62 17.75 6691 22.19
370 256669 56 16.76 6709 22.19
371 257764 51 15.86 6727 22.19
372 258519 71 19.06 6745 22.19
373 259850 79 20.03 6763 22.19
374 260789 231 39.55 6784 22.19
375 261452 408 90.57 6802 22.19
376 261868 355 68.30 6820 22.19
377 262015 432 101.61 6838 22.19
378 262124 262 45.24 6856 22.19
379 262360 83 20.46 6874 22.19
380 262579 76 19.69 6892 22.19
381 263017 399 87.30 6910 22.19
382 264352 145 25.96 6928 22.19
383 265834 113 23.02 6946 22.19
384 266004 326 59.13 6964 22.19
385 266170 364 71.71 6982 22.19
386 266881 430 101.41 7000 22.19
387 267668 126 24.09 7018 22.19
388 268397 211 35.96 7036 22.19
389 268538 376 76.43 7057 22.19
390 268941 94 21.50 7075 22.19
391 269444 248 42.69 7093 22.19
392 270162 344 64.67 7111 22.19
393 271047 57 16.93 7129 22.19
394 271075 359 69.86 7147 22.19
395 271723 430 101.41 7165 22.19
396 272589 56 16.76 7183 22.19
397 273198 230 39.39 7201 22.19
398 274077 51 15.86 7219 22.19
399 274565 384 80.08 7237 22.19
400 274627 174 29.79 7255 22.19
401 274648 112 22.94 7273 22.19
402 275425 176 30.09 7288 22.19
403 275663 492 134.92 7306 22.19
404 276135 163 28.20 7325 22.19
405 276179 188 32.01 7346 22.19
406 277724 51 15.86 7364 22.19
407 279545 192 32.67 7382 22.19
408 280882 142 25.64 7400 22.19
409 281764 364 71.71 7418 22.19
410 282360 63 17.91 7436 22.19
411 284022 67 18.51 7454 22.19
412 286633 67 18.51 7472 22.19
413 287264 371 73.82 7490 22.19
414 288127 248 42.69 7508 22.19
415 288913 184 31.36 7526 22.19
416 289038 275 47.73 7544 22.19
417 289405 127 24.18 7562 22.19
418 290255 49 15.48 7580 22.19
419 291035 380 78.12 7598 22.19
420 292158 302 53.30 7616 22.19
421 293598 99 21.91 7637 22.19
422 294051 287 50.23 7655 22.19
423 294451 696 307.73 7673 22.19
424 295470 96 21.67 7691 22.19
425 295551 134 24.82 7709 22.19
426 295790 63 17.91 7727 22.19
427 297008 236 40.44 7745 22.19
428 297719 240 41.21 7763 22.19
429 297796 287 50.23 7781 22.19
430 299615 472 125.87 7799 22.19
431 299648 120 23.58 7817 22.19
432 299799 71 19.06 7835 22.19
433 300927 103 22.23 7853 22.19
434 301919 49 15.48 7872 22.19
435 302290 176 30.09 7890 22.19
436 302665 176 30.09 7911 22.19
437 303634 231 39.55 7929 22.19
438 304366 451 113.08 7947 22.19
439 304520 305 53.88 7965 22.19
440 306223 304 53.73 7983 22.19
441 307399 63 17.91 8001 22.19
442 307538 94 21.50 8019 22.19
443 308387 270 46.71 8037 22.19
444 308539 78 19.92 8055 22.19
445 311321 487 132.65 8073 22.19
446 311588 124 23.92 8091 22.19
447 311798 143 25.74 8115 22.19
448 313332 60 17.43 8133 22.19
449 314165 63 17.91 8151 22.19
450 314777 65 18.22 8169 22.19
451 315494 112 22.94 8187 22.19
452 316178 92 21.32 8208 22.19
453 316576 49 15.48 8226 22.19
454 317605 510 148.47 8244 22.19
455 317710 110 22.78 8262 22.19
456 317805 156 27.28 8280 22.19
457 319204 696 307.73 8298 22.19
458 320531 252 43.42 8316 22.19
459 321180 280 48.67 8334 22.19
460 323645 56 16.76 8352 22.19
461 324147 60 17.43 8370 22.19
462 324760 120 23.58 8388 22.19
463 325790 176 30.09 8406 22.19
464 326222 231 39.55 8425 22.19
465 327881 96 21.67 8443 22.19
466 328627 396 85.28 8461 22.19
467 329924 142 25.64 8482 22.19
468 330136 387 81.05 8500 22.19
469 330704 236 40.44 8518 22.19
470 331253 384 80.08 8536 22.19
471 333075 335 61.77 8554 22.19
472 333531 184 31.36 8572 22.19
473 334003 460 119.54 8590 22.19
474 334156 78 19.92 8608 22.19
475 336109 92 21.32 8626 22.19
476 336480 70 18.93 8644 22.19
477 336712 236 40.44 8662 22.19
478 339367 51 15.86 8680 22.19
479 339732 704 326.52 8698 22.19
480 340879 551 164.56 8716 22.19
481 341361 337 62.30 8734 22.19
482 342679 455 117.03 8752 22.19
483 342722 60 17.43 8773 22.19
484 342824 63 17.91 8791 22.19
485 343402 472 125.87 8809 22.19
486 344046 216 36.85 8827 22.19
487 344606 96 21.67 8845 22.19
488 344695 99 21.91 8863 22.19
489 346146 216 36.85 8881 22.19
490 347290 241 41.39 8899 22.19
491 349418 134 24.82 8917 22.19
492 349691 263 45.37 8935 22.19
493 350557 248 42.69 8954 22.19
494 350863 92 21.32 8973 22.19
495 351540 414 93.93 8991 22.19
496 351585 67 18.51 9009 22.19
497 351692 304 53.73 9027 22.19
498 354650 209 35.61 9045 22.19
499 356447 344 64.67 9066 22.19
500 356626 112 22.94 9084 22.19
501 356835 359 69.86 9102 22.19
502 356935 387 81.05 9120 22.19
503 357226 323 58.48 9138 22.19
504 358571 179 30.55 9156 22.19
505 358609 494 141.37 9174 22.19
506 359464 63 17.91 9192 22.19
507 359588 192 32.67 9210 22.19
508 359772 81 20.25 9228 22.19
509 360335 460 119.54 9246 22.19
510 360634 131 24.54 9264 22.19
511 360833 561 174.17 9282 22.19
512 360927 76 19.69 9300 22.19
513 361053 120 23.58 9318 22.19
514 361937 323 58.48 9339 22.19
515 362002 211 35.96 9357 22.19
516 362348 110 22.78 9375 22.19
517 363112 135 24.92 9393 22.19
518 363268 433 104.37 9411 22.19
519 365234 287 50.23 9429 22.19
520 365591 51 15.86 9447 22.19
521 365938 268 46.26 9465 22.19
522 367381 51 15.86 9483 22.19
523 367740 120 23.58 9501 22.19
524 368006 273 47.25 9519 22.19
525 368060 220 37.58 9538 22.19
526 368137 254 43.77 9556 22.19
527 369546 527 155.96 9574 22.19
528 371096 60 17.43 9592 22.19
529 371565 280 48.67 9610 22.19
530 372185 355 68.30 9631 22.19
531 372721 211 35.96 9649 22.19
532 372743 636 231.85 9667 22.19
533 373784 515 147.53 9685 22.19
534 375870 440 109.25 9703 22.19
535 376322 126 24.09 9721 22.19
536 376454 88 20.96 9739 22.19
537 376566 344 64.67 9757 22.19
538 376714 163 28.20 9775 22.19
539 377219 49 15.48 9793 22.19
540 377386 143 25.74 9811 22.19
541 377433 62 17.75 9829 22.19
542 378845 135 24.92 9847 22.19
543 379138 255 43.96 9865 22.19
544 380478 137 25.12 9883 22.19
545 380950 92 21.32 9904 22.19
546 381399 115 23.18 9922 22.19
547 382326 115 23.18 9940 22.19
548 382643 127 24.18 9958 22.19
549 383733 76 19.69 9976 22.19
550 383866 467 121.56 9994 22.19
551 384395 103 22.23 10012 22.19
552 386076 284 49.41 10030 22.19
553 386342 284 49.41 10048 22.19
554 387425 112 22.94 10066 22.19
555 387896 94 21.50 10085 22.19
556 388310 57 16.93 10103 22.19
557 389876 115 23.18 10121 22.19
558 390089 768 471.89 10139 22.19
559 390826 56 16.76 10157 22.19
560 392414 483 132.60 10178 22.19
561 392716 224 38.29 10196 22.19
562 392906 216 36.85 10214 22.19
563 392996 112 22.94 10232 22.19
564 393151 127 24.18 10250 22.19
565 394319 88 20.96 10268 22.19
566 394869 145 25.96 10286 22.19
567 395630 103 22.23 10304 22.19
568 396427 60 17.43 10322 22.19
569 396915 67 18.51 10340 22.19
570 398800 224 38.29 10358 22.19
571 398949 483 132.60 10376 22.19
572 400396 176 30.09 10394 22.19
573 401171 444 109.09 10412 22.19
574 401402 60 17.43 10430 22.19
575 401477 97 21.75 10448 22.19
576 401695 207 35.26 10469 22.19
577 402222 531 160.62 10487 22.19
578 403510 184 31.36 10505 22.19
579 403711 161 27.93 10523 22.19
580 405088 143 25.74 10541 22.19
581 405261 120 23.58 10559 22.19
582 405874 499 141.24 10577 22.19
583 405900 56 16.76 10595 22.19
584 406253 252 43.42 10613 22.19
585 406458 691 332.16 10632 22.19
586 406710 92 21.32 10650 22.19
587 408290 65 18.22 10668 22.19
588 409760 207 35.26 10686 22.19
589 410388 199 33.86 10704 22.19
590 412473 295 51.75 10722 22.19
591 413764 675 317.99 10743 22.19
592 414709 384 80.08 10761 22.19
593 415867 428 101.58 10779 22.19
594 416867 435 104.92 10797 22.19
595 417001 120 23.58 10815 22.19
596 417026 76 19.69 10833 22.19
597 417131 433 104.37 10851 22.19
598 418214 417 95.20 10869 22.19
599 418581 156 27.28 10887 22.19
600 419582 88 20.96 10905 22.19
601 420650 262 45.24 10923 22.19
602 421196 71 19.06 10941 22.19
603 421552 96 21.67 10959 22.19
604 422009 79 20.03 10977 22.19
605 423264 428 101.58 10995 22.19
606 424138 156 27.28 11016 22.19
607 424620 112 22.94 11034 22.19
608 424668 56 16.76 11052 22.19
609 425314 199 33.86 11070 22.19
610 427215 124 23.92 11088 22.19
611 427367 231 39.55 11106 22.19
612 427470 467 121.56 11124 22.19
613 428139 504 143.61 11142 22.19
614 428274 103 22.23 11160 22.19
615 429353 462 120.87 11179 22.19
616 429491 57 16.93 11197 22.19
617 429515 352 66.89 11215 22.19
618 429863 56 16.76 11233 22.19
619 430501 49 15.48 11251 22.19
620 430649 131 24.54 11269 22.19
621 433813 487 132.65 11290 22.19
622 434494 352 66.89 11308 22.19
623 435034 496 144.49 11326 22.19
624 435139 236 40.44 11344 22.19
625 435869 78 19.92 11362 22.19
626 436240 79 20.03 11380 22.19
627 436262 71 19.06 11398 22.19
628 436303 734 439.08 11416 22.19
629 437963 460 119.54 11434 22.19
630 438246 99 21.91 11452 22.19
631 439965 422 97.97 11470 22.19
632 440657 348 65.64 11488 22.19
633 441313 71 19.06 11506 22.19
634 441526 56 16.76 11524 22.19
635 441593 417 95.20 11542 22.19
636 446403 295 51.75 11563 22.19
637 446956 67 18.51 11581 22.19
638 448756 103 22.23 11599 22.19
639 449209 76 19.69 11617 22.19
640 450532 435 104.92 11635 22.19
641 452318 81 20.25 11653 22.19
642 452738 97 21.75 11671 22.19
643 453483 124 23.92 11689 22.19
644 455890 480 130.21 11707 22.19
645 456395 62 17.75 11726 22.19
646 456474 391 82.35 11744 22.19
647 458477 368 72.93 11762 22.19
648 459853 63 17.91 11780 22.19
649 460032 483 132.60 11798 22.19
650 460385 97 21.75 11816 22.19
651 460832 142 25.64 11837 22.19
652 461539 432 101.61 11855 22.19
653 461619 71 19.06 11873 22.19
654 461817 188 32.01 11891 22.19
655 462256 476 129.76 11909 22.19
656 462639 568 189.84 11927 22.19
657 463273 163 28.20 11945 22.19
658 465173 480 130.21 11963 22.19
659 465635 449 112.05 11981 22.19
660 466074 432 101.61 11999 22.19
661 466690 158 27.53 12017 21.54
662 466894 199 33.86 12035 21.54
663 467508 280 48.67 12053 22.19
664 468269 199 33.86 12071 21.76
665 468487 268 46.26 12089 21.76
666 469715 131 24.54 12110 22.19
667 470706 435 104.92 12128 21.76
668 472020 102 22.15 12146 22.19
669 472171 63 17.91 12164 22.19
670 472796 368 72.93 12182 22.19
671 472834 323 58.48 12200 22.19
672 475195 419 97.20 12218 22.19
673 476347 51 15.86 12236 22.19
674 477280 67 18.51 12254 22.19
675 477601 73 19.32 12273 22.19
676 478025 56 16.76 12291 22.19
677 478215 78 19.92 12309 22.19
678 478972 472 125.87 12327 22.19
679 479568 255 43.96 12345 22.19
680 481726 286 49.78 12363 22.19
681 482420 271 46.93 12384 22.19
682 482925 376 76.43 12402 22.19
683 483293 684 283.21 12420 22.19
684 483580 167 28.76 12438 22.19
685 483841 460 119.54 12456 22.19
686 484948 334 61.44 12474 22.19
687 485282 638 261.42 12492 22.19
688 486631 135 24.92 12510 22.19
689 487045 472 125.87 12528 22.19
690 487225 67 18.51 12546 22.19
691 487537 472 125.87 12564 22.19
692 487766 486 135.98 12582 22.19
693 488058 295 51.75 12600 22.19
694 488869 79 20.03 12618 22.19
695 488981 127 24.18 12641 22.19
696 489322 316 56.81 12847 22.19
697 490290 433 104.37 12865 22.19
698 491765 284 49.41 12883 22.19
699 492802 284 49.41 12901 22.19
700 493354 108 22.63 12919 22.19
701 493625 51 15.86 12937 22.19
702 494417 198 33.69 12955 22.19
703 495300 255 43.96 12973 22.19
704 496613 231 39.55 12991 22.19
705 496806 115 23.18 13009 22.19
706 496956 88 20.96 13027 22.19
707 497256 143 25.74 13045 22.19
708 497385 294 51.51 13063 22.19
709 497962 227 38.83 13081 22.19
710 498030 110 22.78 13099 22.19
711 498609 380 78.12 13120 22.19
712 498802 348 65.64 13138 22.19
713 499804 419 97.20 13156 22.19
714 500514 51 15.86 13174 22.19
715 500695 348 65.64 13192 22.19
716 500770 96 21.67 13210 22.19
717 500826 255 43.96 13228 22.19
718 501327 60 17.43 13246 22.19
719 501922 326 59.13 13264 22.19
720 502583 56 16.76 13282 22.19
721 503191 124 23.92 13300 22.19
722 503680 211 35.96 13318 22.19
723 504005 97 21.75 13336 22.19
724 504435 359 69.86 13354 22.19
725 505023 62 17.75 13372 22.19
726 505232 120 23.58 13394 22.19
727 505370 81 20.25 13412 22.19
728 505895 167 28.76 13430 22.19
729 506332 207 35.26 13448 22.19
730 506668 54 16.41 13466 22.19
731 506978 135 24.92 13484 22.19
732 507180 172 29.49 13502 22.19
733 508309 76 19.69 13520 22.19
734 508833 185 31.51 13538 22.19
735 509096 248 42.69 13556 22.19
736 509756 364 71.71 13574 22.19
737 511036 231 39.55 13592 22.19
738 511190 280 48.67 13610 22.19
739 511596 231 39.55 13628 22.19
740 511964 57 16.93 13646 22.19
741 512196 323 58.48 13664 22.19
742 512581 486 135.98 13685 22.19
743 513445 364 71.71 13703 22.19
744 513843 294 51.51 13721 22.19
745 514649 113 23.02 13739 22.19
746 514890 216 36.85 13757 22.19
747 515726 920 1325.16 13775 22.19
748 516034 176 30.09 13793 22.19
749 516269 401 87.91 13811 22.19
750 516709 71 19.06 13829 22.19
751 516819 103 22.23 13847 22.19
752 517460 355 68.30 13865 22.19
753 517947 78 19.92 13883 22.19
754 518355 63 17.91 13901 22.19
755 518545 51 15.86 13919 22.19
756 519088 332 61.17 13937 22.19
757 519173 97 21.75 13959 22.19
758 519673 88 20.96 13977 22.19
759 521452 409 91.12 13995 22.19
760 522066 480 130.21 14013 22.19
761 522200 240 41.21 14031 22.19
762 524056 211 35.96 14049 22.19
763 524497 140 25.42 14067 22.19
764 524828 211 35.96 14085 22.19
765 525043 184 31.36 14103 22.19
766 525466 134 24.82 14121 22.19
767 526359 79 20.03 14139 22.19
768 526606 49 15.48 14157 22.19
769 527191 217 37.04 14175 22.19
770 528003 284 49.41 14193 22.19
771 529027 120 23.58 14211 22.19
772 529238 120 23.58 14232 22.19
773 529912 359 69.86 14250 22.19
774 530307 444 109.09 14268 22.19
775 532431 487 132.65 14286 22.19
776 533448 398 85.63 14304 22.19
777 533631 67 18.51 14322 22.19
778 535684 483 132.60 14340 22.19
779 535778 179 30.55 14358 22.19
780 536028 512 144.44 14376 22.19
781 536886 51 15.86 14393 22.19
782 537341 193 32.84 14411 22.19
783 537709 79 20.03 14429 22.19
784 540531 172 29.49 14447 22.19
785 541385 259 44.69 14465 22.19
786 541650 88 20.96 14483 22.19
787 542062 385 80.11 14505 21.54
788 542092 67 18.51 14523 21.54
789 542454 115 23.18 14541 22.19
790 542607 67 18.51 14559 22.19
791 542732 188 32.01 14577 22.19
792 544300 51 15.86 14595 22.19
793 544561 280 48.67 14613 22.19
794 545042 222 37.96 14631 22.19
795 545918 352 66.89 14649 22.19
796 546332 103 22.23 14667 22.19
797 546595 86 20.77 14685 22.19
798 546643 56 16.76 14703 22.19
799 546690 192 32.67 14721 22.19
800 547508 88 20.96 14739 22.19
801 548743 387 81.05 14757 22.19
802 548998 103 22.23 14778 21.97
803 549618 176 30.09 14796 21.76
804 549639 184 31.36 14814 21.33
805 549978 220 37.58 14832 21.54
806 551018 412 92.93 14850 21.54
807 551103 408 90.57 14868 22.19
808 551746 286 49.78 14886 21.11
809 552329 49 15.48 14904 20.90
810 554589 483 132.60 14922 22.19
811 555198 56 16.76 14940 22.19
812 555352 112 22.94 14958 22.19
813 555446 152 26.78 14976 22.19
814 555749 134 24.82 14994 22.19
815 556516 49 15.48 15012 22.19
816 556597 337 62.30 15030 22.19
817 556686 391 82.35 15052 22.19
818 557058 142 25.64 15070 22.19
819 557475 319 57.64 15088 22.19
820 557882 337 62.30 15106 22.19
821 558028 327 59.28 15124 22.19
822 558229 102 22.15 15142 22.19
823 558569 71 19.06 15160 22.19
824 559080 96 21.67 15178 22.19
825 562687 415 95.00 15196 22.19
826 562777 176 30.09 15214 22.19
827 562986 287 50.23 15232 22.19
828 565176 81 20.25 15250 22.19
829 566533 327 59.28 15268 22.19
830 567228 217 37.04 15286 22.19
831 569143 398 85.63 15304 22.19
832 570509 319 57.64 15325 22.19
833 570678 480 130.21 15343 22.19
834 571496 432 101.61 15361 22.19
835 571737 454 115.28 15379 22.19
836 571998 240 41.21 15397 22.19
837 572282 335 61.77 15415 22.19
838 572377 143 25.74 15433 22.19
839 572470 428 101.58 15451 22.19
840 572783 268 46.26 15469 22.19
841 573530 275 47.73 15487 22.19
842 574129 57 16.93 15505 22.19
843 574170 316 56.81 15523 22.19
844 574432 207 35.26 15541 22.19
845 575083 96 21.67 15559 22.19
846 575872 131 24.54 15577 22.19
847 576778 103 22.23 15599 22.19
848 577069 611 211.89 15617 22.19
849 577908 60 17.43 15635 22.19
850 578691 193 32.84 15653 22.19
851 578902 415 95.00 15671 22.19
852 580069 120 23.58 15689 22.19
853 581368 172 29.49 15707 22.19
854 581401 172 29.49 15725 22.19
855 581758 92 21.32 15743 22.19
856 582283 271 46.93 15761 22.19
857 583255 76 19.69 15779 22.19
858 583331 103 22.23 15797 22.19
859 584483 408 90.57 15815 22.19
860 584970 103 22.23 15833 22.19
861 585155 494 141.37 15851 22.19
862 585293 88 20.96 15869 22.19
863 586371 88 20.96 15883 22.19
864 587709 492 134.92 15901 22.19
865 587769 201 34.22 15919 22.19
866 587796 127 24.18 15937 22.19
867 588199 199 33.86 15955 22.19
868 588627 163 28.20 15973 22.19
869 588920 145 25.96 15991 22.19
870 589045 384 80.08 16009 22.19
871 589748 71 19.06 16027 22.19
872 589976 56 16.76 16045 22.19
873 591015 167 28.76 16063 22.19
874 591986 103 22.23 16081 22.19
875 592159 432 101.61 16099 22.19
876 592209 96 21.67 16117 22.19
877 593349 304 53.73 16136 22.19
878 593940 512 144.44 16157 22.19
879 594092 206 35.07 16174 22.19
880 594722 393 83.55 16192 22.19
881 595664 359 69.86 16210 22.19
882 595890 295 51.75 16228 22.19
883 597818 273 47.25 16246 22.19
884 598885 476 129.76 16264 22.19
885 598935 63 17.91 16282 22.19
886 600981 103 22.23 16300 22.19
887 602637 291 50.97 16318 22.19
888 603532 287 50.23 16336 22.19
889 606303 812 680.88 16354 22.19
890 606849 319 57.64 16372 22.19
891 607514 142 25.64 16390 22.19
892 607653 263 45.37 16408 22.19
893 609055 440 109.25 16429 22.19
894 609258 316 56.81 16447 22.19
895 610033 480 130.21 16465 22.19
896 610690 704 326.52 16483 22.19
897 610995 359 69.86 16501 22.19
898 611667 67 18.51 16519 22.19
899 612414 71 19.06 16537 22.19
900 612761 192 32.67 16555 22.19
901 614081 63 17.91 16573 22.19
902 615471 167 28.76 16591 22.19
903 617162 575 187.30 16609 22.19
904 618214 92 21.32 16627 22.19
905 618282 319 57.64 16645 22.19
906 619026 70 18.93 16663 22.19
907 619224 254 43.77 16682 22.19
908 619338 719 344.94 16703 22.19
909 619424 359 69.86 16721 22.19
910 619770 60 17.43 16739 22.19
911 620497 79 20.03 16757 22.19
912 620977 432 101.61 16775 22.19
913 621707 344 64.67 16793 22.19
914 621751 71 19.06 16811 22.19
915 622221 688 328.69 16829 22.19
916 622663 300 52.79 16847 22.19
917 622767 167 28.76 16865 22.19
918 624104 83 20.46 16883 22.19
919 624564 97 21.75 16901 22.19
920 625383 79 20.03 16919 22.19
921 626845 174 29.79 16937 22.19
922 627470 88 20.96 16955 22.19
923 627876 86 20.77 16976 22.19
924 628286 56 16.76 16994 22.19
925 628728 332 61.17 17012 22.19
926 629474 97 21.75 17030 22.19
927 629508 211 35.96 17048 22.19
928 629858 131 24.54 17066 22.19
929 630329 163 28.20 17084 22.19
930 630913 60 17.43 17102 22.19
931 633022 174 29.79 17120 22.19
932 633941 487 132.65 17138 22.19
933 635155 380 78.12 17156 22.19
934 635356 435 104.92 17174 22.19
935 635430 103 22.23 17192 22.19
936 635758 51 15.86 17210 22.19
937 635906 115 23.18 17229 22.19
938 636283 403 88.99 17250 22.19
939 637273 83 20.46 17268 22.19
940 637702 312 55.68 17286 22.19
941 638427 192 32.67 17304 22.19
942 639829 185 31.51 17322 22.19
943 642093 79 20.03 17345 21.76
944 642346 163 28.20 17363 22.19
945 642756 508 144.95 17381 22.19
946 642881 224 38.29 17399 22.19
947 643489 57 16.93 17417 22.19
948 645986 455 117.03 17435 22.19
949 646296 433 104.37 17453 21.33
950 648018 240 41.21 17471 22.19
951 649045 248 42.69 17489 22.19
952 649117 156 27.28 17507 22.19
953 650457 179 30.55 17528 22.19
954 653667 248 42.69 17546 22.19
955 654477 67 18.51 17564 22.19
956 655148 551 164.56 17582 22.19
957 656707 455 117.03 17600 22.19
958 657539 263 45.37 17618 22.19
959 659257 371 73.82 17636 22.19
960 659377 409 91.12 17654 22.19
961 660062 99 21.91 17672 22.19
962 660117 92 21.32 17690 22.19
963 660393 78 19.92 17708 22.19
964 660959 159 27.66 17726 22.19
965 663606 188 32.01 17744 22.19
966 663972 291 50.97 17762 22.19
967 665009 568 189.84 17781 22.19
968 665240 56 16.76 17802 22.19
969 665659 339 62.98 17820 22.19
970 666031 60 17.43 17838 22.19
971 666983 65 18.22 17856 22.19
972 667584 263 45.37 17874 22.19
973 667697 140 25.42 17892 22.19
974 667745 143 25.74 17910 22.19
975 669976 352 66.89 17928 22.19
976 670932 103 22.23 17946 22.19
977 671190 120 23.58 17964 22.19
978 674341 163 28.20 17982 22.19
979 674796 51 15.86 18000 22.19
980 674848 88 20.96 18018 22.19
981 675667 224 38.29 18036 22.19
982 677052 415 95.00 18054 22.19
983 677960 108 22.63 18083 22.19
984 678102 92 21.32 18101 22.19
985 678267 179 30.55 18119 22.19
986 679667 65 18.22 18137 22.19
987 680248 184 31.36 18155 22.19
988 680550 152 26.78 18173 22.19
989 680887 99 21.91 18191 22.19
990 681139 56 16.76 18209 22.19
991 682944 96 21.67 18227 22.19
992 683963 255 43.96 18245 22.19
993 684051 49 15.48 18263 22.19
994 684130 51 15.86 18281 22.19
995 684206 127 24.18 18299 22.19
996 684521 88 20.96 18318 22.19
997 684745 472 125.87 18336 22.19
998 685071 83 20.46 18354 22.19
999 685345 512 144.44 18375 22.19
1000 686042 79 20.03 18392 22.19
1001 686608 263 45.37 18410 22.19
1002 686904 240 41.21 18428 22.19
1003 688315 300 52.79 18446 22.19
1004 689460 358 69.10 18464 22.19
1005 689911 112 22.94 18482 22.19
1006 693512 56 16.76 18500 22.19
1007 693885 319 57.64 18518 22.19
1008 694344 113 23.02 18536 22.19
1009 696250 529 156.43 18554 22.19
1010 696508 96 21.67 18572 22.19
1011 696712 248 42.69 18590 22.19
1012 698076 280 48.67 18608 22.19
1013 698444 540 166.11 18629 22.19
1014 698698 48 15.29 18647 22.19
1015 700256 56 16.76 18665 22.19
1016 702953 96 21.67 18683 22.19
1017 704537 97 21.75 18701 22.19
1018 705347 359 69.86 18719 22.19
1019 706676 163 28.20 18737 22.19
1020 707197 371 73.82 18755 22.19
1021 707413 280 48.67 18773 22.19
1022 707959 463 119.23 18791 22.19
1023 708577 366 72.41 18809 22.19
1024 709030 120 23.58 18827 22.19
1025 709850 369 73.42 18845 22.19
1026 710153 56 16.76 18864 22.19
1027 710336 156 27.28 18882 22.19
1028 710494 271 46.93 18903 22.19
1029 710743 143 25.74 18921 22.19
1030 711526 60 17.43 18939 22.19
1031 711857 67 18.51 18957 22.19
1032 714542 51 15.86 18975 22.19
1033 714985 71 19.06 18993 22.19
1034 715160 94 21.50 19011 22.19
1035 716046 312 55.68 19029 22.19
1036 716496 88 20.96 19047 22.19
1037 717008 515 147.53 19065 22.19
1038 717353 451 113.08 19083 22.19
1039 719639 51 15.86 19101 22.19
1040 719778 387 81.05 19119 22.19
1041 719929 391 82.35 19137 22.19
1042 720387 199 33.86 19155 22.19
1043 721757 335 61.77 19176 22.19
1044 721832 83 20.46 19194 22.19
1045 723470 444 109.09 19212 22.19
1046 723703 92 21.32 19230 22.19
1047 724002 88 20.96 19248 22.19
1048 725267 167 28.76 19266 22.19
1049 725826 71 19.06 19284 22.19
1050 725924 102 22.15 19302 22.19
1051 726337 167 28.76 19320 22.19
1052 726524 345 64.98 19338 22.19
1053 728496 140 25.42 19356 22.19
1054 729060 231 39.55 19374 22.19
1055 729342 127 24.18 19392 22.19
1056 729999 152 26.78 19411 22.19
1057 730070 78 19.92 19429 22.19
1058 731100 199 33.86 19450 22.19
1059 731154 97 21.75 19468 22.19
1060 731181 207 35.26 19486 22.19
1061 732399 243 41.74 19504 22.19
1062 732433 127 24.18 19522 22.19
1063 734377 238 40.82 19540 22.19
1064 734946 211 35.96 19558 22.19
1065 735102 204 34.73 19576 22.19
1066 736748 124 23.92 19594 22.19
1067 738114 103 22.23 19612 22.19
1068 738200 49 15.48 19630 22.19
1069 738335 240 41.21 19648 22.19
1070 738530 284 49.41 19666 22.19
1071 739126 103 22.23 19684 22.19
1072 739287 551 164.56 19705 22.19
1073 740174 120 23.58 19723 22.19
1074 740204 391 82.35 19741 22.19
1075 740959 79 20.03 19759 22.19
1076 742175 399 87.30 19777 22.19
1077 742354 494 141.37 19795 22.19
1078 742642 76 19.69 19813 22.19
1079 743235 112 22.94 19831 22.19
1080 743998 275 47.73 19849 22.19
1081 745718 71 19.06 19867 22.19
1082 746993 103 22.23 19885 22.19
1083 747849 319 57.64 19903 22.19
1084 747962 188 32.01 19921 22.19
1085 748265 527 155.96 19939 22.19
1086 748769 448 112.41 19958 22.19
1087 749015 81 20.25 19979 22.19
1088 749209 156 27.28 19997 22.19
1089 749528 307 54.48 20015 22.19
1090 750214 455 117.03 20033 22.19
1091 751773 127 24.18 20051 22.19
1092 754442 120 23.58 20069 22.19
1093 754892 206 35.07 20087 22.19
1094 755741 62 17.75 20105 22.19
1095 756338 179 30.55 20123 22.19
1096 756561 56 16.76 20141 22.19
1097 756586 79 20.03 20159 22.19
1098 756728 463 119.23 20177 22.19
1099 757193 48 15.29 20195 22.19
1100 757880 487 132.65 20213 22.19
1101 758927 135 24.92 20231 22.19
1102 759254 225 38.48 20252 22.19
1103 761063 60 17.43 20270 22.19
1104 761938 167 28.76 20288 22.19
1105 762612 270 46.71 20306 22.19
1106 763086 120 23.58 20324 22.19
1107 763322 216 36.85 20342 22.19
1108 763453 63 17.91 20360 22.19
1109 764226 62 17.75 20378 22.19
1110 764798 755 529.80 20396 22.19
1111 765573 83 20.46 20414 22.19
1112 766203 51 15.86 20432 22.19
1113 766710 49 15.48 20450 22.19
1114 766992 199 33.86 20468 22.19
1115 767287 60 17.43 20486 22.19
1116 767555 120 23.58 20508 22.19
1117 767833 56 16.76 20526 22.19
1118 767896 163 28.20 20544 22.19
1119 768191 380 78.12 20562 22.19
1120 768295 496 144.49 20580 22.19
1121 769396 199 33.86 20598 22.19
1122 769485 71 19.06 20616 22.19
1123 769530 748 436.69 20634 22.19
1124 770730 88 20.96 20652 22.19
1125 770808 163 28.20 20670 22.19
1126 771419 414 93.93 20688 22.19
1127 771838 391 82.35 20706 22.19
1128 772647 243 41.74 20724 22.19
1129 773468 316 56.81 20742 22.19
1130 773889 140 25.42 20760 22.19
1131 776373 316 56.81 20781 22.19
1132 776955 193 32.84 20799 22.19
1133 777658 240 41.21 20817 22.19
1134 778902 56 16.76 20835 22.19
1135 778941 124 23.92 20853 22.19
1136 779113 108 22.63 20871 22.19
1137 780339 88 20.96 20889 22.19
1138 781157 198 33.69 20907 22.19
1139 781768 88 20.96 20925 22.19
1140 782095 152 26.78 20943 22.19
1141 782158 79 20.03 20961 22.19
1142 783433 108 22.63 20979 22.19
1143 783564 71 19.06 20997 22.19
1144 783781 113 23.02 21015 22.19
1145 784399 56 16.76 21033 22.19
1146 784731 67 18.51 21055 22.19
1147 784773 113 23.02 21073 22.19
1148 784951 184 31.36 21091 22.19
1149 785411 145 25.96 21109 22.19
1150 785977 112 22.94 21127 22.19
1151 786958 376 76.43 21145 22.19
1152 788439 515 147.53 21163 22.19
1153 788767 353 67.64 21181 22.19
1154 789243 71 19.06 21199 22.19
1155 789452 113 23.02 21217 22.19
1156 789478 192 32.67 21235 22.19
1157 789547 110 22.78 21253 22.19
1158 790897 159 27.66 21271 22.19
1159 791775 88 20.96 21289 22.19
1160 792206 403 88.99 21307 22.19
1161 792684 113 23.02 21328 22.19
1162 793145 108 22.63 21346 22.19
1163 793620 204 34.73 21364 22.19
1164 794092 207 35.26 21382 22.19
1165 794927 376 76.43 21400 22.19
1166 795019 344 64.67 21418 22.19
1167 796204 51 15.86 21436 22.19
1168 796241 463 119.23 21454 22.19
1169 796396 56 16.76 21472 22.19
1170 796688 112 22.94 21490 22.19
1171 797187 94 21.50 21508 22.19
1172 797350 83 20.46 21526 22.19
1173 797721 99 21.91 21544 22.19
1174 798266 96 21.67 21562 22.19
1175 798326 73 19.32 21583 22.19
1176 799258 176 30.09 21602 22.19
1177 801624 380 78.12 21620 22.19
1178 802137 435 104.92 21638 22.19
1179 803630 435 104.92 21656 22.19
1180 803741 108 22.63 21674 22.19
1181 804423 280 48.67 21692 22.19
1182 805614 112 22.94 21710 22.19
1183 806651 430 101.41 21728 22.19
1184 806879 480 130.21 21746 22.19
1185 807092 508 144.95 21764 22.19
1186 808660 344 64.67 21782 22.19
1187 809406 193 32.84 21800 22.19
1188 809530 60 17.43 21818 22.19
1189 811721 225 38.48 21836 22.19
1190 812114 83 20.46 21862 22.19
1191 812242 220 37.58 21880 22.19
1192 813028 600 203.87 21898 22.19
1193 813360 115 23.18 21916 22.19
1194 815765 319 57.64 21934 22.19
1195 816445 103 22.23 21952 22.19
1196 816835 62 17.75 21970 22.19
1197 816894 225 38.48 21988 22.19
1198 818411 241 41.39 22006 22.19
1199 818501 376 76.43 22024 22.19
1200 819563 156 27.28 22042 22.19
1201 819764 339 62.98 22060 22.19
1202 819891 327 59.28 22078 22.19
1203 820723 96 21.67 22096 22.19
1204 821107 472 125.87 22114 22.19
1205 821221 408 90.57 22135 22.19
1206 822437 121 23.66 22154 22.19
1207 822962 83 20.46 22172 22.19
1208 823137 63 17.91 22190 22.19
1209 823164 385 80.11 22208 22.19
1210 823329 99 21.91 22226 22.19
1211 823547 201 34.22 22244 22.19
1212 824756 174 29.79 22262 22.19
1213 825188 76 19.69 22280 22.19
1214 825581 287 50.23 22298 22.19
1215 826328 423 97.36 22316 22.19
1216 826353 156 27.28 22334 22.19
1217 826579 371 73.82 22352 22.19
1218 829276 76 19.69 22370 22.19
1219 829643 387 81.05 22391 22.19
1220 829985 432 101.61 22409 22.19
1221 830603 236 40.44 22427 22.19
1222 830687 108 22.63 22445 22.19
1223 831658 56 16.76 22463 22.19
1224 832032 76 19.69 22481 22.19
1225 832363 608 202.86 22499 22.19
1226 832597 158 27.53 22517 22.19
1227 833086 92 21.32 22535 22.19
1228 834106 199 33.86 22553 22.19
1229 834418 255 43.96 22571 22.19
1230 834637 243 41.74 22589 22.19
1231 834990 115 23.18 22607 22.19
1232 835917 216 36.85 22625 22.19
1233 838047 255 43.96 22643 22.19
1234 838875 156 27.28 22664 22.19
1235 839339 243 41.74 22682 22.19
1236 839967 284 49.41 22700 22.19
1237 840118 156 27.28 22719 22.19
1238 840406 408 90.57 22737 22.19
1239 841128 79 20.03 22755 22.19
1240 841667 236 40.44 22773 22.19
1241 842637 63 17.91 22791 22.19
1242 842958 760 464.80 22809 22.19
1243 843490 54 16.41 22827 22.19
1244 843523 176 30.09 22845 22.19
1245 844420 451 113.08 22863 22.19
1246 846353 435 104.92 22881 22.19
1247 847538 166 28.62 22899 22.19
1248 848362 472 125.87 22917 22.19
1249 848831 199 33.86 22938 22.19
1250 848938 240 41.21 22956 22.19
1251 851006 231 39.55 22974 22.19
1252 851713 423 97.36 22992 22.19
1253 852534 255 43.96 23010 22.19
1254 852977 51 15.86 23028 22.19
1255 853838 56 16.76 23046 22.19
1256 854187 319 57.64 23064 22.19
1257 854975 263 45.37 23082 22.19
1258 855008 108 22.63 23100 22.19
1259 856003 376 76.43 23118 22.19
1260 860804 480 130.21 23136 22.19
1261 862499 79 20.03 23154 22.19
